                    1           353341.533          4610745.796              756.001                LINEA
                    2           353340.072          4610743.736              755.974                LINEA
                    3           353338.739          4610741.813              756.021                LINEA
                    4           353336.443          4610738.538              756.014                LINEA
                    5           353335.647          4610737.396              756.022                LINEA
                    6           353334.471           4610737.53              755.838                LINEA
                    7           353333.266          4610735.829              755.847                LINEA
                    8            353333.47          4610735.596              756.041                LINEA
                    9           353333.949          4610735.254              756.143                LINEA
                   10           353333.994          4610735.052              756.155                LINEA
                   11           353332.663          4610733.166              756.162                LINEA
                   12           353331.561          4610731.626              756.166                LINEA
                   13           353331.168          4610731.751              756.127                LINEA
                   14           353329.047          4610733.258              756.123                LINEA
                   15           353325.022          4610735.928              756.011                LINEA
                   16           353323.208          4610733.349              756.016                LINEA
                   17           353322.957          4610731.691              756.001                LINEA
                   18           353321.685          4610729.871              755.972                LINEA
                   19           353321.554          4610729.778              755.936                LINEA
                   20           353321.018          4610730.151              755.919                LINEA
                   21            353320.68          4610729.767              755.998                LINEA
                   22           353319.612          4610728.242               756.15                LINEA
                   23           353318.185          4610726.211              756.017                LINEA
                   24           353317.214          4610723.508              755.976                LINEA
                   25           353316.353          4610722.302              755.918                LINEA
                   26            353315.61          4610721.229              756.051                LINEA
                   27           353314.942          4610720.651              755.905                LINEA
                   28           353315.342          4610716.497              756.091                LINEA
                   29           353318.456            4610714.3              756.056                LINEA
                   30           353321.227          4610712.358              756.026                LINEA
                   31           353322.615          4610711.381              756.017                LINEA
                   32           353324.189          4610710.534              755.898                LINEA
                   33           353324.436          4610710.892               756.04                LINEA
                   34           353324.581          4610710.915              756.039                LINEA
                   35           353326.766          4610709.369              756.159                LINEA
                   36           353328.902          4610707.881              756.054                LINEA
                   37           353329.223          4610706.735              756.032                LINEA
                   38           353330.937          4610705.537              756.068                LINEA
                   39           353331.516          4610705.515              755.935                LINEA
                   40           353331.722          4610705.811              756.022                LINEA
                   41           353331.787          4610705.855              756.049                LINEA
                   42           353334.142          4610704.198              756.125                LINEA
                   43           353340.909          4610709.618              756.065                LINEA
                   44           353341.545          4610709.159              756.092                LINEA
                   45           353341.569          4610708.996              756.064                LINEA
                   46           353341.338          4610708.669              756.004                LINEA
                   47           353340.152          4610706.987              756.025                LINEA
                   48           353350.293          4610709.418              756.133                LINEA
                   49           353349.905          4610708.777              756.082                LINEA
                   50           353345.982           4610704.16              755.983                LINEA
                   51           353345.521          4610703.519              756.139                LINEA
                   52           353345.938          4610703.003              756.123                LINEA
                   53           353347.351              4610702              756.107                LINEA
                   54           353349.554           4610700.45              756.125                LINEA
                   55           353351.619          4610699.002               755.96                LINEA
                   56           353351.818          4610698.125               755.96                LINEA
                   57           353351.553          4610697.739              756.094                LINEA
                   58           353348.613          4610693.568              756.152                LINEA
                   59           353348.446          4610693.331              756.016                LINEA
                   60           353348.923          4610692.894               756.16                LINEA
                   61           353352.701          4610690.248              756.027                LINEA
                   62           353354.715          4610688.825              755.902                LINEA
